{
 "cells": [
  {
   "cell_type": "code",
   "execution_count": 89,
   "metadata": {},
   "outputs": [],
   "source": [
    "import pandas as pd\n",
    "import numpy as np\n",
    "import statsmodels.api as sm\n",
    "import plotly.express as px\n",
    "import plotly.graph_objects as go\n",
    "import matplotlib.pyplot as plt\n",
    "\n",
    "from sklearn.decomposition import PCA\n",
    "from sklearn.pipeline import make_pipeline\n",
    "from sklearn.preprocessing import StandardScaler\n",
    "from sklearn.preprocessing import scale\n",
    "\n",
    "import warnings\n",
    "warnings.filterwarnings(\"ignore\")\n",
    "\n",
    "import matplotlib.pyplot as plt\n",
    "import matplotlib.font_manager\n",
    "from matplotlib import style\n",
    "style.use('ggplot') or plt.style.use('ggplot')\n",
    "\n",
    "from sklearn.cluster import KMeans\n",
    "from sklearn.metrics import silhouette_score\n",
    "\n",
    "from sklearn.model_selection import train_test_split, cross_val_score\n",
    "from sklearn.linear_model import LinearRegression\n",
    "from sklearn.feature_selection import RFECV\n",
    "from sklearn.metrics import mean_squared_error, r2_score"
   ]
  },
  {
   "cell_type": "code",
   "execution_count": 90,
   "metadata": {},
   "outputs": [
    {
     "name": "stdout",
     "output_type": "stream",
     "text": [
      "Index(['fixed acidity', 'volatile acidity', 'citric acid', 'residual sugar',\n",
      "       'chlorides', 'free sulfur dioxide', 'total sulfur dioxide', 'density',\n",
      "       'pH', 'sulphates', 'alcohol'],\n",
      "      dtype='object')\n"
     ]
    }
   ],
   "source": [
    "df_wine = pd.read_csv('winequality-red.csv')\n",
    "df_attributes = df_wine.drop(columns = 'quality')\n",
    "print(df_attributes.columns)"
   ]
  },
  {
   "cell_type": "markdown",
   "metadata": {},
   "source": [
    "## Caracterización de las Calidades del Vino"
   ]
  },
  {
   "cell_type": "code",
   "execution_count": 91,
   "metadata": {},
   "outputs": [
    {
     "name": "stdout",
     "output_type": "stream",
     "text": [
      "[5, 6, 7, 4, 8, 3]\n"
     ]
    }
   ],
   "source": [
    "lista_quality = list(df_wine['quality'].unique())\n",
    "print(lista_quality)"
   ]
  },
  {
   "cell_type": "code",
   "execution_count": 92,
   "metadata": {},
   "outputs": [
    {
     "name": "stdout",
     "output_type": "stream",
     "text": [
      "        fixed acidity                 volatile acidity                  \\\n",
      "                  min      mean   max              min      mean   max   \n",
      "quality                                                                  \n",
      "8                 5.0  8.566667  12.6             0.26  0.423333  0.85   \n",
      "\n",
      "        citric acid                  \n",
      "                min      mean   max  \n",
      "quality                              \n",
      "8              0.03  0.391111  0.72  \n"
     ]
    }
   ],
   "source": [
    "# El vino de alta calidad contiene valores bajos de acido cítrico y baja variación en la acidez\n",
    "df_q8 = df_wine[df_wine['quality'] == 8]\n",
    "df_q8 = df_q8[['fixed acidity','volatile acidity','citric acid','quality']]\n",
    "df_q8 = df_q8.groupby(by = ['quality']).agg(['min','mean','max'])\n",
    "print(df_q8)"
   ]
  },
  {
   "cell_type": "markdown",
   "metadata": {},
   "source": [
    "## Análisis Correlacional de las Variables"
   ]
  },
  {
   "cell_type": "code",
   "execution_count": 93,
   "metadata": {},
   "outputs": [
    {
     "name": "stdout",
     "output_type": "stream",
     "text": [
      "                      fixed acidity  volatile acidity  citric acid  \\\n",
      "fixed acidity              1.000000         -0.256131     0.671703   \n",
      "volatile acidity          -0.256131          1.000000    -0.552496   \n",
      "citric acid                0.671703         -0.552496     1.000000   \n",
      "residual sugar             0.114777          0.001918     0.143577   \n",
      "chlorides                  0.093705          0.061298     0.203823   \n",
      "free sulfur dioxide       -0.153794         -0.010504    -0.060978   \n",
      "total sulfur dioxide      -0.113181          0.076470     0.035533   \n",
      "density                    0.668047          0.022026     0.364947   \n",
      "pH                        -0.682978          0.234937    -0.541904   \n",
      "sulphates                  0.183006         -0.260987     0.312770   \n",
      "alcohol                   -0.061668         -0.202288     0.109903   \n",
      "quality                    0.124052         -0.390558     0.226373   \n",
      "\n",
      "                      residual sugar  chlorides  free sulfur dioxide  \\\n",
      "fixed acidity               0.114777   0.093705            -0.153794   \n",
      "volatile acidity            0.001918   0.061298            -0.010504   \n",
      "citric acid                 0.143577   0.203823            -0.060978   \n",
      "residual sugar              1.000000   0.055610             0.187049   \n",
      "chlorides                   0.055610   1.000000             0.005562   \n",
      "free sulfur dioxide         0.187049   0.005562             1.000000   \n",
      "total sulfur dioxide        0.203028   0.047400             0.667666   \n",
      "density                     0.355283   0.200632            -0.021946   \n",
      "pH                         -0.085652  -0.265026             0.070377   \n",
      "sulphates                   0.005527   0.371260             0.051658   \n",
      "alcohol                     0.042075  -0.221141            -0.069408   \n",
      "quality                     0.013732  -0.128907            -0.050656   \n",
      "\n",
      "                      total sulfur dioxide   density        pH  sulphates  \\\n",
      "fixed acidity                    -0.113181  0.668047 -0.682978   0.183006   \n",
      "volatile acidity                  0.076470  0.022026  0.234937  -0.260987   \n",
      "citric acid                       0.035533  0.364947 -0.541904   0.312770   \n",
      "residual sugar                    0.203028  0.355283 -0.085652   0.005527   \n",
      "chlorides                         0.047400  0.200632 -0.265026   0.371260   \n",
      "free sulfur dioxide               0.667666 -0.021946  0.070377   0.051658   \n",
      "total sulfur dioxide              1.000000  0.071269 -0.066495   0.042947   \n",
      "density                           0.071269  1.000000 -0.341699   0.148506   \n",
      "pH                               -0.066495 -0.341699  1.000000  -0.196648   \n",
      "sulphates                         0.042947  0.148506 -0.196648   1.000000   \n",
      "alcohol                          -0.205654 -0.496180  0.205633   0.093595   \n",
      "quality                          -0.185100 -0.174919 -0.057731   0.251397   \n",
      "\n",
      "                       alcohol   quality  \n",
      "fixed acidity        -0.061668  0.124052  \n",
      "volatile acidity     -0.202288 -0.390558  \n",
      "citric acid           0.109903  0.226373  \n",
      "residual sugar        0.042075  0.013732  \n",
      "chlorides            -0.221141 -0.128907  \n",
      "free sulfur dioxide  -0.069408 -0.050656  \n",
      "total sulfur dioxide -0.205654 -0.185100  \n",
      "density              -0.496180 -0.174919  \n",
      "pH                    0.205633 -0.057731  \n",
      "sulphates             0.093595  0.251397  \n",
      "alcohol               1.000000  0.476166  \n",
      "quality               0.476166  1.000000  \n"
     ]
    }
   ],
   "source": [
    "df_wine_corr = df_wine.corr()\n",
    "print(df_wine_corr)"
   ]
  },
  {
   "cell_type": "code",
   "execution_count": 94,
   "metadata": {},
   "outputs": [
    {
     "data": {
      "application/vnd.plotly.v1+json": {
       "config": {
        "plotlyServerURL": "https://plot.ly"
       },
       "data": [
        {
         "coloraxis": "coloraxis",
         "hovertemplate": "x: %{x}<br>y: %{y}<br>color: %{z}<extra></extra>",
         "name": "0",
         "texttemplate": "%{z}",
         "type": "heatmap",
         "x": [
          "fixed acidity",
          "volatile acidity",
          "citric acid",
          "residual sugar",
          "chlorides",
          "free sulfur dioxide",
          "total sulfur dioxide",
          "density",
          "pH",
          "sulphates",
          "alcohol",
          "quality"
         ],
         "xaxis": "x",
         "y": [
          "fixed acidity",
          "volatile acidity",
          "citric acid",
          "residual sugar",
          "chlorides",
          "free sulfur dioxide",
          "total sulfur dioxide",
          "density",
          "pH",
          "sulphates",
          "alcohol",
          "quality"
         ],
         "yaxis": "y",
         "z": [
          [
           1,
           -0.2561308947703812,
           0.6717034347641064,
           0.11477672449492153,
           0.09370518632130556,
           -0.15379419286482468,
           -0.11318144304548165,
           0.6680472921189573,
           -0.6829781945685302,
           0.18300566393215362,
           -0.061668270628151035,
           0.12405164911322257
          ],
          [
           -0.2561308947703812,
           1,
           -0.5524956845595799,
           0.0019178819627909175,
           0.06129777247646159,
           -0.01050382700659221,
           0.07647000482092811,
           0.02202623219523293,
           0.23493729440739305,
           -0.26098668528328917,
           -0.20228802715325636,
           -0.390557780264006
          ],
          [
           0.6717034347641064,
           -0.5524956845595799,
           1,
           0.14357716157031455,
           0.2038229138290422,
           -0.06097812919230487,
           0.03553302393116163,
           0.36494717521123443,
           -0.5419041447395107,
           0.3127700438544169,
           0.109903246641567,
           0.22637251431804045
          ],
          [
           0.11477672449492153,
           0.0019178819627909175,
           0.14357716157031455,
           1,
           0.05560953520353229,
           0.18704899510428707,
           0.20302788169710137,
           0.35528337098334967,
           -0.08565242221887187,
           0.005527121339138446,
           0.04207543720973079,
           0.013731637340065779
          ],
          [
           0.09370518632130556,
           0.06129777247646159,
           0.2038229138290422,
           0.05560953520353229,
           1,
           0.005562147004781144,
           0.04740046825907547,
           0.20063232664151961,
           -0.2650261311732267,
           0.37126048128542677,
           -0.22114054478828285,
           -0.12890655993005296
          ],
          [
           -0.15379419286482468,
           -0.01050382700659221,
           -0.06097812919230487,
           0.18704899510428707,
           0.005562147004781144,
           1,
           0.667666450481023,
           -0.021945831163508164,
           0.0703774985049412,
           0.05165757184282859,
           -0.06940835356500007,
           -0.05065605724427594
          ],
          [
           -0.11318144304548165,
           0.07647000482092811,
           0.03553302393116163,
           0.20302788169710137,
           0.04740046825907547,
           0.667666450481023,
           1,
           0.07126947620312808,
           -0.06649455901285463,
           0.04294683623953878,
           -0.20565394374367102,
           -0.1851002889265377
          ],
          [
           0.6680472921189573,
           0.02202623219523293,
           0.36494717521123443,
           0.35528337098334967,
           0.20063232664151961,
           -0.021945831163508164,
           0.07126947620312808,
           1,
           -0.34169933478501163,
           0.1485064117207901,
           -0.4961797702417342,
           -0.17491922778336458
          ],
          [
           -0.6829781945685302,
           0.23493729440739305,
           -0.5419041447395107,
           -0.08565242221887187,
           -0.2650261311732267,
           0.0703774985049412,
           -0.06649455901285463,
           -0.34169933478501163,
           1,
           -0.19664760230436984,
           0.2056325085054961,
           -0.05773139120538257
          ],
          [
           0.18300566393215362,
           -0.26098668528328917,
           0.3127700438544169,
           0.005527121339138446,
           0.37126048128542677,
           0.05165757184282859,
           0.04294683623953878,
           0.1485064117207901,
           -0.19664760230436984,
           1,
           0.0935947504104671,
           0.25139707906925995
          ],
          [
           -0.061668270628151035,
           -0.20228802715325636,
           0.109903246641567,
           0.04207543720973079,
           -0.22114054478828285,
           -0.06940835356500007,
           -0.20565394374367102,
           -0.4961797702417342,
           0.2056325085054961,
           0.0935947504104671,
           1,
           0.47616632400113656
          ],
          [
           0.12405164911322257,
           -0.390557780264006,
           0.22637251431804045,
           0.013731637340065779,
           -0.12890655993005296,
           -0.05065605724427594,
           -0.1851002889265377,
           -0.17491922778336458,
           -0.05773139120538257,
           0.25139707906925995,
           0.47616632400113656,
           1
          ]
         ]
        }
       ],
       "layout": {
        "coloraxis": {
         "colorscale": [
          [
           0,
           "#440154"
          ],
          [
           0.1111111111111111,
           "#482878"
          ],
          [
           0.2222222222222222,
           "#3e4989"
          ],
          [
           0.3333333333333333,
           "#31688e"
          ],
          [
           0.4444444444444444,
           "#26828e"
          ],
          [
           0.5555555555555556,
           "#1f9e89"
          ],
          [
           0.6666666666666666,
           "#35b779"
          ],
          [
           0.7777777777777778,
           "#6ece58"
          ],
          [
           0.8888888888888888,
           "#b5de2b"
          ],
          [
           1,
           "#fde725"
          ]
         ]
        },
        "height": 1000,
        "template": {
         "data": {
          "bar": [
           {
            "error_x": {
             "color": "#2a3f5f"
            },
            "error_y": {
             "color": "#2a3f5f"
            },
            "marker": {
             "line": {
              "color": "#E5ECF6",
              "width": 0.5
             },
             "pattern": {
              "fillmode": "overlay",
              "size": 10,
              "solidity": 0.2
             }
            },
            "type": "bar"
           }
          ],
          "barpolar": [
           {
            "marker": {
             "line": {
              "color": "#E5ECF6",
              "width": 0.5
             },
             "pattern": {
              "fillmode": "overlay",
              "size": 10,
              "solidity": 0.2
             }
            },
            "type": "barpolar"
           }
          ],
          "carpet": [
           {
            "aaxis": {
             "endlinecolor": "#2a3f5f",
             "gridcolor": "white",
             "linecolor": "white",
             "minorgridcolor": "white",
             "startlinecolor": "#2a3f5f"
            },
            "baxis": {
             "endlinecolor": "#2a3f5f",
             "gridcolor": "white",
             "linecolor": "white",
             "minorgridcolor": "white",
             "startlinecolor": "#2a3f5f"
            },
            "type": "carpet"
           }
          ],
          "choropleth": [
           {
            "colorbar": {
             "outlinewidth": 0,
             "ticks": ""
            },
            "type": "choropleth"
           }
          ],
          "contour": [
           {
            "colorbar": {
             "outlinewidth": 0,
             "ticks": ""
            },
            "colorscale": [
             [
              0,
              "#0d0887"
             ],
             [
              0.1111111111111111,
              "#46039f"
             ],
             [
              0.2222222222222222,
              "#7201a8"
             ],
             [
              0.3333333333333333,
              "#9c179e"
             ],
             [
              0.4444444444444444,
              "#bd3786"
             ],
             [
              0.5555555555555556,
              "#d8576b"
             ],
             [
              0.6666666666666666,
              "#ed7953"
             ],
             [
              0.7777777777777778,
              "#fb9f3a"
             ],
             [
              0.8888888888888888,
              "#fdca26"
             ],
             [
              1,
              "#f0f921"
             ]
            ],
            "type": "contour"
           }
          ],
          "contourcarpet": [
           {
            "colorbar": {
             "outlinewidth": 0,
             "ticks": ""
            },
            "type": "contourcarpet"
           }
          ],
          "heatmap": [
           {
            "colorbar": {
             "outlinewidth": 0,
             "ticks": ""
            },
            "colorscale": [
             [
              0,
              "#0d0887"
             ],
             [
              0.1111111111111111,
              "#46039f"
             ],
             [
              0.2222222222222222,
              "#7201a8"
             ],
             [
              0.3333333333333333,
              "#9c179e"
             ],
             [
              0.4444444444444444,
              "#bd3786"
             ],
             [
              0.5555555555555556,
              "#d8576b"
             ],
             [
              0.6666666666666666,
              "#ed7953"
             ],
             [
              0.7777777777777778,
              "#fb9f3a"
             ],
             [
              0.8888888888888888,
              "#fdca26"
             ],
             [
              1,
              "#f0f921"
             ]
            ],
            "type": "heatmap"
           }
          ],
          "heatmapgl": [
           {
            "colorbar": {
             "outlinewidth": 0,
             "ticks": ""
            },
            "colorscale": [
             [
              0,
              "#0d0887"
             ],
             [
              0.1111111111111111,
              "#46039f"
             ],
             [
              0.2222222222222222,
              "#7201a8"
             ],
             [
              0.3333333333333333,
              "#9c179e"
             ],
             [
              0.4444444444444444,
              "#bd3786"
             ],
             [
              0.5555555555555556,
              "#d8576b"
             ],
             [
              0.6666666666666666,
              "#ed7953"
             ],
             [
              0.7777777777777778,
              "#fb9f3a"
             ],
             [
              0.8888888888888888,
              "#fdca26"
             ],
             [
              1,
              "#f0f921"
             ]
            ],
            "type": "heatmapgl"
           }
          ],
          "histogram": [
           {
            "marker": {
             "pattern": {
              "fillmode": "overlay",
              "size": 10,
              "solidity": 0.2
             }
            },
            "type": "histogram"
           }
          ],
          "histogram2d": [
           {
            "colorbar": {
             "outlinewidth": 0,
             "ticks": ""
            },
            "colorscale": [
             [
              0,
              "#0d0887"
             ],
             [
              0.1111111111111111,
              "#46039f"
             ],
             [
              0.2222222222222222,
              "#7201a8"
             ],
             [
              0.3333333333333333,
              "#9c179e"
             ],
             [
              0.4444444444444444,
              "#bd3786"
             ],
             [
              0.5555555555555556,
              "#d8576b"
             ],
             [
              0.6666666666666666,
              "#ed7953"
             ],
             [
              0.7777777777777778,
              "#fb9f3a"
             ],
             [
              0.8888888888888888,
              "#fdca26"
             ],
             [
              1,
              "#f0f921"
             ]
            ],
            "type": "histogram2d"
           }
          ],
          "histogram2dcontour": [
           {
            "colorbar": {
             "outlinewidth": 0,
             "ticks": ""
            },
            "colorscale": [
             [
              0,
              "#0d0887"
             ],
             [
              0.1111111111111111,
              "#46039f"
             ],
             [
              0.2222222222222222,
              "#7201a8"
             ],
             [
              0.3333333333333333,
              "#9c179e"
             ],
             [
              0.4444444444444444,
              "#bd3786"
             ],
             [
              0.5555555555555556,
              "#d8576b"
             ],
             [
              0.6666666666666666,
              "#ed7953"
             ],
             [
              0.7777777777777778,
              "#fb9f3a"
             ],
             [
              0.8888888888888888,
              "#fdca26"
             ],
             [
              1,
              "#f0f921"
             ]
            ],
            "type": "histogram2dcontour"
           }
          ],
          "mesh3d": [
           {
            "colorbar": {
             "outlinewidth": 0,
             "ticks": ""
            },
            "type": "mesh3d"
           }
          ],
          "parcoords": [
           {
            "line": {
             "colorbar": {
              "outlinewidth": 0,
              "ticks": ""
             }
            },
            "type": "parcoords"
           }
          ],
          "pie": [
           {
            "automargin": true,
            "type": "pie"
           }
          ],
          "scatter": [
           {
            "fillpattern": {
             "fillmode": "overlay",
             "size": 10,
             "solidity": 0.2
            },
            "type": "scatter"
           }
          ],
          "scatter3d": [
           {
            "line": {
             "colorbar": {
              "outlinewidth": 0,
              "ticks": ""
             }
            },
            "marker": {
             "colorbar": {
              "outlinewidth": 0,
              "ticks": ""
             }
            },
            "type": "scatter3d"
           }
          ],
          "scattercarpet": [
           {
            "marker": {
             "colorbar": {
              "outlinewidth": 0,
              "ticks": ""
             }
            },
            "type": "scattercarpet"
           }
          ],
          "scattergeo": [
           {
            "marker": {
             "colorbar": {
              "outlinewidth": 0,
              "ticks": ""
             }
            },
            "type": "scattergeo"
           }
          ],
          "scattergl": [
           {
            "marker": {
             "colorbar": {
              "outlinewidth": 0,
              "ticks": ""
             }
            },
            "type": "scattergl"
           }
          ],
          "scattermapbox": [
           {
            "marker": {
             "colorbar": {
              "outlinewidth": 0,
              "ticks": ""
             }
            },
            "type": "scattermapbox"
           }
          ],
          "scatterpolar": [
           {
            "marker": {
             "colorbar": {
              "outlinewidth": 0,
              "ticks": ""
             }
            },
            "type": "scatterpolar"
           }
          ],
          "scatterpolargl": [
           {
            "marker": {
             "colorbar": {
              "outlinewidth": 0,
              "ticks": ""
             }
            },
            "type": "scatterpolargl"
           }
          ],
          "scatterternary": [
           {
            "marker": {
             "colorbar": {
              "outlinewidth": 0,
              "ticks": ""
             }
            },
            "type": "scatterternary"
           }
          ],
          "surface": [
           {
            "colorbar": {
             "outlinewidth": 0,
             "ticks": ""
            },
            "colorscale": [
             [
              0,
              "#0d0887"
             ],
             [
              0.1111111111111111,
              "#46039f"
             ],
             [
              0.2222222222222222,
              "#7201a8"
             ],
             [
              0.3333333333333333,
              "#9c179e"
             ],
             [
              0.4444444444444444,
              "#bd3786"
             ],
             [
              0.5555555555555556,
              "#d8576b"
             ],
             [
              0.6666666666666666,
              "#ed7953"
             ],
             [
              0.7777777777777778,
              "#fb9f3a"
             ],
             [
              0.8888888888888888,
              "#fdca26"
             ],
             [
              1,
              "#f0f921"
             ]
            ],
            "type": "surface"
           }
          ],
          "table": [
           {
            "cells": {
             "fill": {
              "color": "#EBF0F8"
             },
             "line": {
              "color": "white"
             }
            },
            "header": {
             "fill": {
              "color": "#C8D4E3"
             },
             "line": {
              "color": "white"
             }
            },
            "type": "table"
           }
          ]
         },
         "layout": {
          "annotationdefaults": {
           "arrowcolor": "#2a3f5f",
           "arrowhead": 0,
           "arrowwidth": 1
          },
          "autotypenumbers": "strict",
          "coloraxis": {
           "colorbar": {
            "outlinewidth": 0,
            "ticks": ""
           }
          },
          "colorscale": {
           "diverging": [
            [
             0,
             "#8e0152"
            ],
            [
             0.1,
             "#c51b7d"
            ],
            [
             0.2,
             "#de77ae"
            ],
            [
             0.3,
             "#f1b6da"
            ],
            [
             0.4,
             "#fde0ef"
            ],
            [
             0.5,
             "#f7f7f7"
            ],
            [
             0.6,
             "#e6f5d0"
            ],
            [
             0.7,
             "#b8e186"
            ],
            [
             0.8,
             "#7fbc41"
            ],
            [
             0.9,
             "#4d9221"
            ],
            [
             1,
             "#276419"
            ]
           ],
           "sequential": [
            [
             0,
             "#0d0887"
            ],
            [
             0.1111111111111111,
             "#46039f"
            ],
            [
             0.2222222222222222,
             "#7201a8"
            ],
            [
             0.3333333333333333,
             "#9c179e"
            ],
            [
             0.4444444444444444,
             "#bd3786"
            ],
            [
             0.5555555555555556,
             "#d8576b"
            ],
            [
             0.6666666666666666,
             "#ed7953"
            ],
            [
             0.7777777777777778,
             "#fb9f3a"
            ],
            [
             0.8888888888888888,
             "#fdca26"
            ],
            [
             1,
             "#f0f921"
            ]
           ],
           "sequentialminus": [
            [
             0,
             "#0d0887"
            ],
            [
             0.1111111111111111,
             "#46039f"
            ],
            [
             0.2222222222222222,
             "#7201a8"
            ],
            [
             0.3333333333333333,
             "#9c179e"
            ],
            [
             0.4444444444444444,
             "#bd3786"
            ],
            [
             0.5555555555555556,
             "#d8576b"
            ],
            [
             0.6666666666666666,
             "#ed7953"
            ],
            [
             0.7777777777777778,
             "#fb9f3a"
            ],
            [
             0.8888888888888888,
             "#fdca26"
            ],
            [
             1,
             "#f0f921"
            ]
           ]
          },
          "colorway": [
           "#636efa",
           "#EF553B",
           "#00cc96",
           "#ab63fa",
           "#FFA15A",
           "#19d3f3",
           "#FF6692",
           "#B6E880",
           "#FF97FF",
           "#FECB52"
          ],
          "font": {
           "color": "#2a3f5f"
          },
          "geo": {
           "bgcolor": "white",
           "lakecolor": "white",
           "landcolor": "#E5ECF6",
           "showlakes": true,
           "showland": true,
           "subunitcolor": "white"
          },
          "hoverlabel": {
           "align": "left"
          },
          "hovermode": "closest",
          "mapbox": {
           "style": "light"
          },
          "paper_bgcolor": "white",
          "plot_bgcolor": "#E5ECF6",
          "polar": {
           "angularaxis": {
            "gridcolor": "white",
            "linecolor": "white",
            "ticks": ""
           },
           "bgcolor": "#E5ECF6",
           "radialaxis": {
            "gridcolor": "white",
            "linecolor": "white",
            "ticks": ""
           }
          },
          "scene": {
           "xaxis": {
            "backgroundcolor": "#E5ECF6",
            "gridcolor": "white",
            "gridwidth": 2,
            "linecolor": "white",
            "showbackground": true,
            "ticks": "",
            "zerolinecolor": "white"
           },
           "yaxis": {
            "backgroundcolor": "#E5ECF6",
            "gridcolor": "white",
            "gridwidth": 2,
            "linecolor": "white",
            "showbackground": true,
            "ticks": "",
            "zerolinecolor": "white"
           },
           "zaxis": {
            "backgroundcolor": "#E5ECF6",
            "gridcolor": "white",
            "gridwidth": 2,
            "linecolor": "white",
            "showbackground": true,
            "ticks": "",
            "zerolinecolor": "white"
           }
          },
          "shapedefaults": {
           "line": {
            "color": "#2a3f5f"
           }
          },
          "ternary": {
           "aaxis": {
            "gridcolor": "white",
            "linecolor": "white",
            "ticks": ""
           },
           "baxis": {
            "gridcolor": "white",
            "linecolor": "white",
            "ticks": ""
           },
           "bgcolor": "#E5ECF6",
           "caxis": {
            "gridcolor": "white",
            "linecolor": "white",
            "ticks": ""
           }
          },
          "title": {
           "x": 0.05
          },
          "xaxis": {
           "automargin": true,
           "gridcolor": "white",
           "linecolor": "white",
           "ticks": "",
           "title": {
            "standoff": 15
           },
           "zerolinecolor": "white",
           "zerolinewidth": 2
          },
          "yaxis": {
           "automargin": true,
           "gridcolor": "white",
           "linecolor": "white",
           "ticks": "",
           "title": {
            "standoff": 15
           },
           "zerolinecolor": "white",
           "zerolinewidth": 2
          }
         }
        },
        "title": {
         "text": "Matriz de Correlación"
        },
        "width": 1000,
        "xaxis": {
         "anchor": "y",
         "constrain": "domain",
         "domain": [
          0,
          1
         ],
         "scaleanchor": "y"
        },
        "yaxis": {
         "anchor": "x",
         "autorange": "reversed",
         "constrain": "domain",
         "domain": [
          0,
          1
         ]
        }
       }
      }
     },
     "metadata": {},
     "output_type": "display_data"
    }
   ],
   "source": [
    "# Crear el gráfico de correlación\n",
    "fig = px.imshow(df_wine_corr, \n",
    "                text_auto=True,  # Muestra los valores de correlación en las celdas\n",
    "                color_continuous_scale='Viridis',\n",
    "                title=\"Matriz de Correlación\")\n",
    "\n",
    "# Ajustar el tamaño del lienzo\n",
    "fig.update_layout(\n",
    "    width=1000,  # Ancho del lienzo\n",
    "    height=1000  # Alto del lienzo\n",
    ")\n",
    "\n",
    "# Mostrar el gráfico\n",
    "fig.show()"
   ]
  },
  {
   "cell_type": "markdown",
   "metadata": {},
   "source": [
    "## Análisis de Componentes Principales - PCA"
   ]
  },
  {
   "cell_type": "code",
   "execution_count": 95,
   "metadata": {},
   "outputs": [
    {
     "name": "stdout",
     "output_type": "stream",
     "text": [
      "[0.28173931 0.1750827  0.1409585  0.11029387 0.08720837 0.05996439\n",
      " 0.05307193 0.03845061 0.0313311  0.01648483 0.00541439]\n",
      "      fixed acidity  volatile acidity  citric acid\n",
      "0         -1.619530          0.450950    -1.774454\n",
      "1         -0.799170          1.856553    -0.911690\n",
      "2         -0.748479          0.882039    -1.171394\n",
      "3          2.357673         -0.269976     0.243489\n",
      "4         -1.619530          0.450950    -1.774454\n",
      "...             ...               ...          ...\n",
      "1594      -2.150500          0.814286     0.617063\n",
      "1595      -2.214496          0.893101     1.807402\n",
      "1596      -1.456129          0.311746     1.124239\n",
      "1597      -2.270518          0.979791     0.627965\n",
      "1598      -0.426975         -0.536690     1.628955\n",
      "\n",
      "[1599 rows x 3 columns]\n"
     ]
    }
   ],
   "source": [
    "# Estandariza los datos\n",
    "scaler = StandardScaler()\n",
    "df_scaled = scaler.fit_transform(df_attributes)\n",
    "\n",
    "# Aplicar PCA\n",
    "pca = PCA(n_components=11)\n",
    "principal_components = pca.fit_transform(df_scaled)\n",
    "\n",
    "# Crear un DataFrame con los componentes principales\n",
    "df_pca = pd.DataFrame(data=principal_components, columns=df_attributes.columns)\n",
    "\n",
    "# Varianza explicada por cada componente\n",
    "print(pca.explained_variance_ratio_)\n",
    "\n",
    "# Base para el KMeans (para fines gráficos, se seleccionan 3 características principales)\n",
    "df_pca = df_pca.iloc[:,:3]\n",
    "print(df_pca)"
   ]
  },
  {
   "cell_type": "markdown",
   "metadata": {},
   "source": [
    "## Clusterización mediante K-Means"
   ]
  },
  {
   "cell_type": "code",
   "execution_count": 96,
   "metadata": {},
   "outputs": [
    {
     "data": {
